0.560155
