0.154040
